-11353058 53527063
-11353063 53527592
-11353063 53527661
-11353063 53527696
-11353063 53527742
-11353061 53527816
-11353061 53527846
-11353060 53527871
-11353059 53527911
-11353077 53527992
-11353116 53527987
-11353191 53527913
-11353286 53527990
-11353331 53527970
-11353380 53527967
-11353422 53527948
-11353427 53527675
-11353426 53527389
-11353422 53527094
-11353425 53526716
-11353426 53526463
-11353416 53526374
-11353415 53526348
-11353410 53526333
-11353404 53526313
-11353399 53526303
-11353396 53526288
-11353392 53526268
-11353388 53526243
-11353384 53526228
-11353382 53526213
-11353379 53526198
-11353374 53526178
-11353371 53526168
-11353367 53526153
-11353365 53526138
-11353362 53526128
-11353357 53526113
-11353354 53526108
-11353349 53526098
-11353346 53526093
-11353342 53526083
-11353339 53526068
-11353334 53526048
-11353333 53526028
-11353329 53526013
-11353325 53525998
-11353322 53525973
-11353319 53525963
-11353317 53525933
-11353316 53525913
-11353313 53525887
-11353311 53525862
-11353309 53525838
-11353306 53525823
-11353305 53525803
-11353301 53525778
-11353299 53525758
-11353297 53525738
-11353295 53525718
-11353293 53525693
-11353290 53525673
-11353287 53525658
-11353287 53525633
-11353285 53525608
-11353282 53525588
-11353280 53525573
-11353278 53525547
-11353274 53525547
-11353269 53525547
-11353264 53525547
-11353262 53525557
-11353258 53525572
-11353254 53525592
-11353254 53525617
-11353254 53525627
-11353254 53525652
-11353254 53525687
-11353254 53525712
-11353254 53525731
-11353254 53525756
-11353254 53525781
-11353254 53525801
-11353254 53525821
-11353246 53526317
-11353065 53526318
-11353060 53525954
-11353063 53525658
-11353062 53525383
-11353063 53525015
-11353063 53524898
-11352909 53524858
-11352743 53524836
-11352656 53524833
-11352603 53524834
-11352587 53524912
-11352570 53524995
-11352563 53525044
